speed	damage	size	size2	coolTime	  pierceCount	Amount
0.1	10	5	5	3.0	  10		1	KIRBY
0.1	12	5	5	2.75	  15		1
0.1	14	5	5	2.5	  20		1
0.1	16	5	5	2.25	  25		1
0.1	18	5	5	2.	  30		1
0	30	40	0	5.	  1000		1	DEDEDE
0	40	40	0	4.75	  1000		1
0	50	40	0	4.5	  1000		1
0	60	40	0	4.25	  1000		1
0	70	40	0	4.	  1000		1
0	10	100	80	2.	  1000		1	METAKNIGHT
0	12	110	84	1.9	  1000		1
0	14	120	88	1.8	  1000		1
0	16	130	92	1.7	  1000		1
0	18	140	96	1.6	  1000		1
0.2	6	0	0	2.	  10		1	MABOROA
0.2	8	0	0	1.9	  15		1
0.2	10	0	0	1.8	  20		1
0.2	12	0	0	1.7	  25		1
0.2	14	0	0	1.6	  30		1
0	5	80	5	1.2	  1000		1	ELECTRICFIELD
0	7	100	5	1.2	  1000		1
0	9	120	5	1.2	  1000		1
0	11	140	5	1.2	  1000		1
0	13	160	5	1.2	  1000		1
0.8	4	30	5	0.25	  1		1	KUNAI
0.8	5	30	5	0.225	  1		1
0.8	6	30	5	0.2	  1		1
0.8	7	30	5	0.175	  1		1
0.8	9	30	5	0.15	  1		1
0.6	20	50	15	2.0	  10		1	MAGGICARROW
0.6	25	50	15	1.9	  10		1
0.6	25	50	15	1.8	  10		2
0.6	30	50	15	1.7	  10		2
0.6	30	50	15	1.4	  10		3
0.2	10	50	50	5.8	  30		1	TORNADO
0.2	11	50	50	5.6	  30		1
0.2	12	50	50	5.4	  30		1
0.2	13	50	50	5.2	  30		1
0.2	15	50	50	5.	  30		1
0.25	20	150	100	12.0	  30		1	TRUCK
0.25	25	150	100	9.5	  30		1
0.25	32	150	100	9.0	  30		1
0.25	40	150	100	8.5	  30		1
0.25	100	150	100	8.	  30		1